Start Stop MB/s

STANDARD
1615519459943 1615519498111
1615519498164 1615519536814
1615519536989 1615519576992
1615519577174 1615519619933
1615519620115 1615519660946
1615519661126 1615519701738
1615519701919 1615519744096
1615519746067 1615519788300
1615519788479 1615519828425
1615519828600 1615519870900

RESIDUE
1615518460596 1615518501841
1615518520250 1615518558862
1615518559196 1615518598152
1615518598490 1615518638639
1615518638971 1615518680782
1615518681120 1615518722373
1615518722708 1615518763673
1615518764006 1615518802811
1615518803151 1615518841926
1615518842266 1615518880988
