  LAUNCH    PRE-DOCK    IN-RES      EXIT (all times in thousandths of a second)
1
2
3
4
5
6
7
DOCKER DISABLED
1615469561845 1615469564008 1615469579729 1615469582188
1615470306464 1615470308694 1615470324087 1615470326618
1615470945357 1615470947543 1615470962876 1615470965440
1615471356522 1615471358777 1615471374188 1615471376725
1615472043955 1615472046173 1615472061576 1615472064285
1615472529251 1615472531477 1615472546828 1615472549379
1615473589947 1615473592241 1615473607723 1615473610251
1615475003354 1615475005562 1615475021264 1615475023853
1615475762201 1615475764520 1615475779959 1615475782554
1615476715473 1615476717695 1615476733083 1615476735509

DOCKER ENABLED
1615477872718 1615477874951 1615477880547 1615477883072
1615478594380 1615478596563 1615478602142 1615478604654
1615480152398 1615480154636 1615480160210 1615480162678
1615480575018 1615480577239 1615480582829 1615480585321
1615481505608 1615481507832 1615481513341 1615481515819
1615482592580 1615482594842 1615482600559 1615482603076
1615483291536 1615483293667 1615483299280 1615483301769
1615484674914 1615484677080 1615484682680 1615484685168
1615486793243 1615486795362 1615486800640 1615486803097
1615487917065 1615487919175 1615487924708 1615487927232
1615488662714 1615488664838 1615488670350 1615488672892

NORMAL
1615488765525 1615488767138 1615488769354 1615488771808
1615488771826 1615488773431 1615488775693 1615488778180
1615488778201 1615488779824 1615488782116 1615488784558
1615488784570 1615488786208 1615488788483 1615488790965
1615488790978 1615488792825 1615488795045 1615488797487
1615488797506 1615488799164 1615488801386 1615488803778
1615488803796 1615488805394 1615488807699 1615488810066
1615488810078 1615488811689 1615488813920 1615488816328
1615488816347 1615488817949 1615488820232 1615488822599
1615488822612 1615488824206 1615488826467 1615488828955
1615488828970 1615488830966 1615488833170 1615488835568
1615488835588 1615488837165 1615488839418 1615488841840
1615488841862 1615488843494 1615488845661 1615488848128
1615488848146 1615488849723 1615488851984 1615488854491
1615488854511 1615488856099 1615488858281 1615488860658
1615488860688 1615488862304 1615488864578 1615488867029
1615488867054 1615488868865 1615488871159 1615488873626
1615488873646 1615488875256 1615488877527 1615488880261
1615488880276 1615488881850 1615488884112 1615488886520
1615488886539 1615488888118 1615488890340 1615488892846
1615488892873 1615488894487 1615488896725 1615488899232
1615488899249 1615488900875 1615488903161 1615488905546
1615488905560 1615488907196 1615488909474 1615488911885
1615488911913 1615488913512 1615488915720 1615488918151
1615488918174 1615488919758 1615488921983 1615488924384
1615488924401 1615488926091 1615488928372 1615488930760
1615488930784 1615488932445 1615488934656 1615488937040
1615488937054 1615488938643 1615488940902 1615488943285
1615488943300 1615488944885 1615488947109 1615488949464
1615488949479 1615488951066 1615488953314 1615488955743
